Time taken: 6.523304 seconds
n_swaps = 950409104
P0: (4, 0.0) (47896, 0.3)
P1: (47898, 0.3) (102690, 0.6)
P2: (102722, 0.6) (155043, 0.9)
P3: (155226, 0.9) (204240, 1.2)
P4: (204298, 1.2) (256689, 1.5)
P5: (256924, 1.5) (296276, 1.8)
P6: (296313, 1.8) (356219, 2.1)
P7: (356337, 2.1) (5851, 2.5)
P8: (5987, 2.5) (54154, 2.8)
P9: (54165, 2.8) (104413, 3.1)
P10: (104471, 3.1) (150329, 3.4)
P11: (150357, 3.4) (215547, 3.7)
P12: (215573, 3.7) (273637, 4.0)
P13: (273655, 4.0) (339727, 4.3)
P14: (339739, 4.3) (376111, 4.6)
P15: (376128, 4.6) (26258, 5.0)
P16: (26340, 5.0) (73734, 5.3)
P17: (73741, 5.3) (124824, 5.6)
P18: (124862, 5.6) (167191, 5.9)
P19: (167194, 5.9) (237852, 6.2)
P20: (237869, 6.2) (287647, 6.5)
P21: (287653, 6.5) (337956, 6.8)
P22: (338095, 6.8) (383514, 7.1)
P23: (383774, 7.1) (27727, 7.5)
P24: (27791, 7.5) (72730, 7.8)
P25: (73111, 7.8) (118611, 8.1)
P26: (118664, 8.1) (171267, 8.4)
P27: (171318, 8.4) (210262, 8.7)
P28: (210272, 8.7) (237185, 9.0)
P29: (237203, 9.0) (297852, 9.3)
P30: (297864, 9.3) (352404, 9.6)
P31: (352409, 9.6) (399851, 9.9)
