Time taken: 36.748460 seconds
n_swaps = 1037610018
P0: (4, 0.0) (90284, 0.3)
P1: (90338, 0.3) (175233, 0.6)
P2: (175276, 0.6) (271538, 0.9)
P3: (271597, 0.9) (352608, 1.2)
P4: (352849, 1.2) (425252, 1.5)
P5: (425322, 1.5) (514046, 1.8)
P6: (514065, 1.8) (614165, 2.1)
P7: (614257, 2.1) (17673, 2.5)
P8: (17701, 2.5) (105623, 2.8)
P9: (105790, 2.8) (180508, 3.1)
P10: (180726, 3.1) (278509, 3.4)
P11: (278600, 3.4) (369368, 3.7)
P12: (369593, 3.7) (452619, 4.0)
P13: (452964, 4.0) (568105, 4.3)
P14: (568155, 4.3) (637969, 4.6)
P15: (638149, 4.6) (32139, 5.0)
P16: (32221, 5.0) (114547, 5.3)
P17: (114707, 5.3) (199122, 5.6)
P18: (199187, 5.6) (280163, 5.9)
P19: (280224, 5.9) (401671, 6.2)
P20: (401914, 6.2) (475351, 6.5)
P21: (475377, 6.5) (552140, 6.8)
P22: (552232, 6.8) (631736, 7.1)
P23: (631808, 7.1) (25498, 7.5)
P24: (25517, 7.5) (105078, 7.8)
P25: (105101, 7.8) (180195, 8.1)
P26: (180213, 8.1) (268854, 8.4)
P27: (269011, 8.4) (337447, 8.7)
P28: (337573, 8.7) (403060, 9.0)
P29: (403398, 9.0) (507231, 9.3)
P30: (507258, 9.3) (603906, 9.6)
P31: (604033, 9.6) (699936, 9.9)
