Time taken: 114.303170 seconds
n_swaps = 2770575848
P0: (4, 0.0) (131664, 0.3)
P1: (131760, 0.3) (247054, 0.6)
P2: (247132, 0.6) (379233, 0.9)
P3: (379314, 0.9) (484898, 1.2)
P4: (485035, 1.2) (601243, 1.5)
P5: (601290, 1.5) (727228, 1.8)
P6: (727338, 1.8) (856111, 2.1)
P7: (856127, 2.1) (989235, 2.4)
P8: (989282, 2.4) (118326, 2.8)
P9: (118500, 2.8) (230724, 3.1)
P10: (231068, 3.1) (388251, 3.4)
P11: (388426, 3.4) (500384, 3.7)
P12: (500406, 3.7) (629037, 4.0)
P13: (629070, 4.0) (790435, 4.3)
P14: (790497, 4.3) (900769, 4.6)
P15: (900784, 4.6) (42197, 5.0)
P16: (42273, 5.0) (151891, 5.3)
P17: (151930, 5.3) (269653, 5.6)
P18: (269674, 5.6) (373814, 5.9)
P19: (373852, 5.9) (514850, 6.2)
P20: (515004, 6.2) (641494, 6.5)
P21: (641540, 6.5) (757313, 6.8)
P22: (757362, 6.8) (882396, 7.1)
P23: (882397, 7.1) (9910, 7.5)
P24: (10000, 7.5) (132014, 7.8)
P25: (132180, 7.8) (241008, 8.1)
P26: (241172, 8.1) (365503, 8.4)
P27: (365562, 8.4) (472301, 8.7)
P28: (472330, 8.7) (575335, 9.0)
P29: (575527, 9.0) (721095, 9.3)
P30: (721353, 9.3) (869617, 9.6)
P31: (869754, 9.6) (999936, 9.9)
