Time taken: 60.695493 seconds
n_swaps = 3931129157
P0: (4, 0.0) (105438, 0.3)
P1: (105648, 0.3) (198921, 0.6)
P2: (198999, 0.6) (300990, 0.9)
P3: (301103, 0.9) (387283, 1.2)
P4: (387406, 1.2) (471168, 1.5)
P5: (471267, 1.5) (564903, 1.8)
P6: (565030, 1.8) (678529, 2.1)
P7: (678563, 2.1) (794773, 2.4)
P8: (794790, 2.4) (91419, 2.8)
P9: (91464, 2.8) (172114, 3.1)
P10: (172151, 3.1) (281930, 3.4)
P11: (281966, 3.4) (387448, 3.7)
P12: (387621, 3.7) (479976, 4.0)
P13: (480241, 4.0) (608948, 4.3)
P14: (609077, 4.3) (699624, 4.6)
P15: (699642, 4.6) (11322, 5.0)
P16: (11341, 5.0) (102569, 5.3)
P17: (102704, 5.3) (200303, 5.6)
P18: (200310, 5.6) (292020, 5.9)
P19: (292024, 5.9) (420990, 6.2)
P20: (421612, 6.2) (523989, 6.5)
P21: (524037, 6.5) (614289, 6.8)
P22: (614375, 6.8) (712154, 7.1)
P23: (712305, 7.1) (18048, 7.5)
P24: (18185, 7.5) (108186, 7.8)
P25: (108192, 7.8) (187179, 8.1)
P26: (187268, 8.1) (289216, 8.4)
P27: (289272, 8.4) (378451, 8.7)
P28: (378552, 8.7) (464856, 9.0)
P29: (464975, 9.0) (591680, 9.3)
P30: (591712, 9.3) (701669, 9.6)
P31: (701891, 9.6) (799868, 9.9)
