Time taken: 1.598527 seconds
n_swaps = 1331788304
P0: (4, 0.0) (22109, 0.3)
P1: (22241, 0.3) (49248, 0.6)
P2: (49262, 0.6) (87628, 0.9)
P3: (87648, 0.9) (117581, 1.2)
P4: (117590, 1.2) (128012, 1.5)
P5: (128020, 1.5) (159903, 1.8)
P6: (159915, 1.8) (183546, 2.1)
P7: (183585, 2.1) (14431, 2.5)
P8: (14612, 2.5) (33207, 2.8)
P9: (33255, 2.8) (55261, 3.1)
P10: (55721, 3.1) (84812, 3.4)
P11: (84834, 3.4) (115757, 3.7)
P12: (115850, 3.7) (138266, 4.0)
P13: (138311, 4.0) (167956, 4.3)
P14: (167969, 4.3) (184264, 4.6)
P15: (184383, 4.6) (6910, 5.0)
P16: (6928, 5.0) (36603, 5.3)
P17: (36804, 5.3) (54867, 5.6)
P18: (54941, 5.6) (63487, 5.9)
P19: (63601, 5.9) (96277, 6.2)
P20: (96337, 6.2) (133538, 6.5)
P21: (133596, 6.5) (153538, 6.8)
P22: (153575, 6.8) (184273, 7.1)
P23: (184342, 7.1) (199003, 7.4)
P24: (199008, 7.4) (32062, 7.8)
P25: (32070, 7.8) (58489, 8.1)
P26: (58609, 8.1) (85026, 8.4)
P27: (85245, 8.4) (108076, 8.7)
P28: (108253, 8.7) (116761, 9.0)
P29: (116799, 9.0) (144992, 9.3)
P30: (145261, 9.3) (184917, 9.6)
P31: (184918, 9.6) (199956, 9.9)
