Time taken: 19.751315 seconds
n_swaps = 3268492785
P0: (4, 0.0) (72688, 0.3)
P1: (72707, 0.3) (145928, 0.6)
P2: (146064, 0.6) (224760, 0.9)
P3: (224990, 0.9) (293938, 1.2)
P4: (293989, 1.2) (357550, 1.5)
P5: (357559, 1.5) (430658, 1.8)
P6: (430834, 1.8) (508818, 2.1)
P7: (508944, 2.1) (597697, 2.4)
P8: (597764, 2.4) (72458, 2.8)
P9: (72589, 2.8) (149950, 3.1)
P10: (150136, 3.1) (225790, 3.4)
P11: (225795, 3.4) (313877, 3.7)
P12: (313924, 3.7) (380359, 4.0)
P13: (380418, 4.0) (475856, 4.3)
P14: (475957, 4.3) (533879, 4.6)
P15: (533882, 4.6) (19932, 5.0)
P16: (19971, 5.0) (97982, 5.3)
P17: (98024, 5.3) (164343, 5.6)
P18: (164371, 5.6) (232297, 5.9)
P19: (232351, 5.9) (333967, 6.2)
P20: (334121, 6.2) (401438, 6.5)
P21: (401822, 6.5) (466627, 6.8)
P22: (466697, 6.8) (532147, 7.1)
P23: (532157, 7.1) (9229, 7.5)
P24: (9244, 7.5) (86390, 7.8)
P25: (86756, 7.8) (151760, 8.1)
P26: (151925, 8.1) (232291, 8.4)
P27: (232324, 8.4) (299300, 8.7)
P28: (299457, 8.7) (354132, 9.0)
P29: (354517, 9.0) (444922, 9.3)
P30: (445074, 9.3) (525693, 9.6)
P31: (525728, 9.6) (599984, 9.9)
