Time taken: 11.118880 seconds
n_swaps = 1782522652
P0: (4, 0.0) (61634, 0.3)
P1: (61669, 0.3) (126410, 0.6)
P2: (126531, 0.6) (187556, 0.9)
P3: (187762, 0.9) (238540, 1.2)
P4: (238599, 1.2) (300860, 1.5)
P5: (301044, 1.5) (359666, 1.8)
P6: (359693, 1.8) (426457, 2.1)
P7: (426484, 2.1) (494981, 2.4)
P8: (495169, 2.4) (65365, 2.8)
P9: (65474, 2.8) (125348, 3.1)
P10: (125362, 3.1) (188418, 3.4)
P11: (188647, 3.4) (270121, 3.7)
P12: (270284, 3.7) (334523, 4.0)
P13: (334632, 4.0) (408338, 4.3)
P14: (408426, 4.3) (454547, 4.6)
P15: (454563, 4.6) (22903, 5.0)
P16: (23268, 5.0) (86604, 5.3)
P17: (86854, 5.3) (143041, 5.6)
P18: (143047, 5.6) (194670, 5.9)
P19: (194678, 5.9) (281720, 6.2)
P20: (281757, 6.2) (337842, 6.5)
P21: (337918, 6.5) (395205, 6.8)
P22: (395244, 6.8) (454597, 7.1)
P23: (454647, 7.1) (17127, 7.5)
P24: (17143, 7.5) (76940, 7.8)
P25: (76941, 7.8) (137221, 8.1)
P26: (137411, 8.1) (205152, 8.4)
P27: (205218, 8.4) (256705, 8.7)
P28: (256750, 8.7) (299628, 9.0)
P29: (299660, 9.0) (377002, 9.3)
P30: (377246, 9.3) (438221, 9.6)
P31: (438341, 9.6) (499761, 9.9)
