Time taken: 87.116314 seconds
n_swaps = 3062988225
P0: (4, 0.0) (115403, 0.3)
P1: (115406, 0.3) (226476, 0.6)
P2: (226513, 0.6) (343171, 0.9)
P3: (343175, 0.9) (442447, 1.2)
P4: (442512, 1.2) (541851, 1.5)
P5: (542042, 1.5) (647531, 1.8)
P6: (647606, 1.8) (766105, 2.1)
P7: (766210, 2.1) (894790, 2.4)
P8: (894831, 2.4) (101282, 2.8)
P9: (101532, 2.8) (193642, 3.1)
P10: (193931, 3.1) (317254, 3.4)
P11: (317524, 3.4) (434930, 3.7)
P12: (434972, 3.7) (542575, 4.0)
P13: (542625, 4.0) (687546, 4.3)
P14: (687572, 4.3) (792803, 4.6)
P15: (792825, 4.6) (13881, 5.0)
P16: (13911, 5.0) (120000, 5.3)
P17: (120072, 5.3) (229543, 5.6)
P18: (229550, 5.6) (322304, 5.9)
P19: (322311, 5.9) (458202, 6.2)
P20: (458220, 6.2) (576342, 6.5)
P21: (576489, 6.5) (669939, 6.8)
P22: (669963, 6.8) (779138, 7.1)
P23: (779196, 7.1) (895652, 7.4)
P24: (895967, 7.4) (114342, 7.8)
P25: (114477, 7.8) (211305, 8.1)
P26: (211312, 8.1) (329167, 8.4)
P27: (329230, 8.4) (428144, 8.7)
P28: (428147, 8.7) (524853, 9.0)
P29: (525107, 9.0) (659382, 9.3)
P30: (659505, 9.3) (790151, 9.6)
P31: (790170, 9.6) (899971, 9.9)
