Time taken: 3.524750 seconds
n_swaps = 830476249
P0: (4, 0.0) (35529, 0.3)
P1: (35675, 0.3) (72670, 0.6)
P2: (72747, 0.6) (122017, 0.9)
P3: (122043, 0.9) (162472, 1.2)
P4: (162606, 1.2) (189202, 1.5)
P5: (189949, 1.5) (233250, 1.8)
P6: (233272, 1.8) (270839, 2.1)
P7: (270862, 2.1) (7408, 2.5)
P8: (7697, 2.5) (38354, 2.8)
P9: (38420, 2.8) (75174, 3.1)
P10: (75192, 3.1) (115182, 3.4)
P11: (115318, 3.4) (158068, 3.7)
P12: (158085, 3.7) (201015, 4.0)
P13: (201066, 4.0) (249422, 4.3)
P14: (249451, 4.3) (279290, 4.6)
P15: (279327, 4.6) (14822, 5.0)
P16: (14856, 5.0) (47764, 5.3)
P17: (47769, 5.3) (85565, 5.6)
P18: (85606, 5.6) (102190, 5.9)
P19: (102211, 5.9) (158499, 6.2)
P20: (158552, 6.2) (196313, 6.5)
P21: (196493, 6.5) (236475, 6.8)
P22: (236583, 6.8) (280038, 7.1)
P23: (280045, 7.1) (3813, 7.5)
P24: (3985, 7.5) (36865, 7.8)
P25: (36887, 7.8) (78166, 8.1)
P26: (78195, 8.1) (115612, 8.4)
P27: (115634, 8.4) (146324, 8.7)
P28: (146329, 8.7) (170010, 9.0)
P29: (170068, 9.0) (210728, 9.3)
P30: (210776, 9.3) (264249, 9.6)
P31: (264393, 9.6) (299841, 9.9)
