Time taken: 0.461302 seconds
n_swaps = 2477514365
P0: (4, 0.0) (14206, 0.3)
P1: (14238, 0.3) (22313, 0.6)
P2: (22366, 0.6) (41847, 0.9)
P3: (41894, 0.9) (53223, 1.2)
P4: (53256, 1.2) (66417, 1.5)
P5: (66448, 1.5) (75736, 1.8)
P6: (76117, 1.8) (92091, 2.1)
P7: (92096, 2.1) (13813, 2.5)
P8: (13832, 2.5) (22953, 2.8)
P9: (23055, 2.8) (38883, 3.1)
P10: (38899, 3.1) (56062, 3.4)
P11: (56108, 3.4) (72050, 3.7)
P12: (72061, 3.7) (91645, 4.0)
P13: (91726, 4.0) (4013, 4.4)
P14: (4077, 4.4) (16384, 4.7)
P15: (16618, 4.7) (32261, 5.0)
P16: (32335, 5.0) (48500, 5.3)
P17: (48633, 5.3) (58772, 5.6)
P18: (58904, 5.6) (61315, 5.9)
P19: (61381, 5.9) (77126, 6.2)
P20: (77297, 6.2) (92608, 6.5)
P21: (92628, 6.5) (94952, 6.8)
P22: (95268, 6.8) (9494, 7.2)
P23: (9506, 7.2) (11813, 7.5)
P24: (11902, 7.5) (29307, 7.8)
P25: (29331, 7.8) (38885, 8.1)
P26: (38889, 8.1) (50470, 8.4)
P27: (50562, 8.4) (51557, 8.7)
P28: (51601, 8.7) (60782, 9.0)
P29: (60906, 9.0) (66113, 9.3)
P30: (66604, 9.3) (86952, 9.6)
P31: (86961, 9.6) (99889, 9.9)
